0.000000000000000000e+00 7.176000000000000000e+03 1.415200000000000000e+04 1.520600000000000000e+04 1.486000000000000000e+04 5.709000000000000000e+03 1.558300000000000000e+04 7.813000000000000000e+03 1.671600000000000000e+04 1.059600000000000000e+04 6.814000000000000000e+03 4.746000000000000000e+03 1.395600000000000000e+04 4.158000000000000000e+03 4.437000000000000000e+03 9.236000000000000000e+03 4.377000000000000000e+03 1.059100000000000000e+04 1.518400000000000000e+04 1.038900000000000000e+04
7.176000000000000000e+03 0.000000000000000000e+00 1.100100000000000000e+04 8.092000000000000000e+03 9.793000000000000000e+03 2.432000000000000000e+03 8.457000000000000000e+03 1.222000000000000000e+03 1.517800000000000000e+04 6.236000000000000000e+03 2.033000000000000000e+03 2.499000000000000000e+03 8.762000000000000000e+03 1.127100000000000000e+04 3.518000000000000000e+03 2.206000000000000000e+03 2.876000000000000000e+03 6.880000000000000000e+03 1.322700000000000000e+04 9.379000000000000000e+03
1.415200000000000000e+04 1.100100000000000000e+04 0.000000000000000000e+00 5.807000000000000000e+03 1.020600000000000000e+04 1.049000000000000000e+04 5.748000000000000000e+03 1.146900000000000000e+04 4.876000000000000000e+03 1.300000000000000000e+04 1.286800000000000000e+04 1.282700000000000000e+04 1.065700000000000000e+04 1.306400000000000000e+04 1.114500000000000000e+04 1.038700000000000000e+04 1.306800000000000000e+04 1.352100000000000000e+04 2.262000000000000000e+03 1.518400000000000000e+04
1.520600000000000000e+04 8.092000000000000000e+03 5.807000000000000000e+03 0.000000000000000000e+00 5.278000000000000000e+03 9.557000000000000000e+03 3.800000000000000000e+02 7.663000000000000000e+03 7.345000000000000000e+03 7.202000000000000000e+03 8.922000000000000000e+03 1.058300000000000000e+04 5.257000000000000000e+03 1.840100000000000000e+04 1.087600000000000000e+04 6.211000000000000000e+03 1.096100000000000000e+04 7.718000000000000000e+03 6.830000000000000000e+03 9.881000000000000000e+03
1.486000000000000000e+04 9.793000000000000000e+03 1.020600000000000000e+04 5.278000000000000000e+03 0.000000000000000000e+00 1.219200000000000000e+04 5.097000000000000000e+03 8.661000000000000000e+03 8.290000000000000000e+03 4.405000000000000000e+03 8.991000000000000000e+03 1.136900000000000000e+04 1.074000000000000000e+03 1.632800000000000000e+04 1.328600000000000000e+04 7.682000000000000000e+03 1.162000000000000000e+04 4.289000000000000000e+03 9.888000000000000000e+03 4.986000000000000000e+03
5.709000000000000000e+03 2.432000000000000000e+03 1.049000000000000000e+04 9.557000000000000000e+03 1.219200000000000000e+04 0.000000000000000000e+00 9.937000000000000000e+03 3.634000000000000000e+03 1.534300000000000000e+04 8.592000000000000000e+03 3.912000000000000000e+03 2.407000000000000000e+03 1.117900000000000000e+04 9.422000000000000000e+03 1.333000000000000000e+03 4.517000000000000000e+03 2.591000000000000000e+03 9.180000000000000000e+03 1.269900000000000000e+04 1.135600000000000000e+04
1.558300000000000000e+04 8.457000000000000000e+03 5.748000000000000000e+03 3.800000000000000000e+02 5.097000000000000000e+03 9.937000000000000000e+03 0.000000000000000000e+00 8.002000000000000000e+03 7.019000000000000000e+03 7.298000000000000000e+03 9.240000000000000000e+03 1.094400000000000000e+04 5.158000000000000000e+03 1.860400000000000000e+04 1.125600000000000000e+04 6.549000000000000000e+03 1.132200000000000000e+04 7.776000000000000000e+03 6.633000000000000000e+03 9.811000000000000000e+03
7.813000000000000000e+03 1.222000000000000000e+03 1.146900000000000000e+04 7.663000000000000000e+03 8.661000000000000000e+03 3.634000000000000000e+03 8.002000000000000000e+03 0.000000000000000000e+00 1.499300000000000000e+04 5.016000000000000000e+03 1.428000000000000000e+03 3.084000000000000000e+03 7.611000000000000000e+03 1.197100000000000000e+04 4.625000000000000000e+03 1.453000000000000000e+03 3.444000000000000000e+03 5.671000000000000000e+03 1.357700000000000000e+04 8.255000000000000000e+03
1.671600000000000000e+04 1.517800000000000000e+04 4.876000000000000000e+03 7.345000000000000000e+03 8.290000000000000000e+03 1.534300000000000000e+04 7.019000000000000000e+03 1.499300000000000000e+04 0.000000000000000000e+00 1.266300000000000000e+04 1.625500000000000000e+04 1.753200000000000000e+04 9.273000000000000000e+03 1.279200000000000000e+04 1.598400000000000000e+04 1.354900000000000000e+04 1.784800000000000000e+04 1.256800000000000000e+04 2.772000000000000000e+03 1.197200000000000000e+04
1.059600000000000000e+04 6.236000000000000000e+03 1.300000000000000000e+04 7.202000000000000000e+03 4.405000000000000000e+03 8.592000000000000000e+03 7.298000000000000000e+03 5.016000000000000000e+03 1.266300000000000000e+04 0.000000000000000000e+00 4.831000000000000000e+03 7.133000000000000000e+03 3.391000000000000000e+03 1.373600000000000000e+04 9.343000000000000000e+03 4.739000000000000000e+03 7.330000000000000000e+03 7.810000000000000000e+02 1.372200000000000000e+04 3.746000000000000000e+03
6.814000000000000000e+03 2.033000000000000000e+03 1.286800000000000000e+04 8.922000000000000000e+03 8.991000000000000000e+03 3.912000000000000000e+03 9.240000000000000000e+03 1.428000000000000000e+03 1.625500000000000000e+04 4.831000000000000000e+03 0.000000000000000000e+00 2.379000000000000000e+03 7.917000000000000000e+03 1.092400000000000000e+04 4.514000000000000000e+03 2.771000000000000000e+03 2.654000000000000000e+03 5.329000000000000000e+03 1.500200000000000000e+04 7.493000000000000000e+03
4.746000000000000000e+03 2.499000000000000000e+03 1.282700000000000000e+04 1.058300000000000000e+04 1.136900000000000000e+04 2.407000000000000000e+03 1.094400000000000000e+04 3.084000000000000000e+03 1.753200000000000000e+04 7.133000000000000000e+03 2.379000000000000000e+03 0.000000000000000000e+00 1.029500000000000000e+04 8.897000000000000000e+03 2.379000000000000000e+03 4.490000000000000000e+03 3.780000000000000000e+02 7.540000000000000000e+03 1.507000000000000000e+04 9.203000000000000000e+03
1.395600000000000000e+04 8.762000000000000000e+03 1.065700000000000000e+04 5.257000000000000000e+03 1.074000000000000000e+03 1.117900000000000000e+04 5.158000000000000000e+03 7.611000000000000000e+03 9.273000000000000000e+03 3.391000000000000000e+03 7.917000000000000000e+03 1.029500000000000000e+04 0.000000000000000000e+00 1.622500000000000000e+04 1.223400000000000000e+04 6.693000000000000000e+03 1.054800000000000000e+04 3.375000000000000000e+03 1.064900000000000000e+04 4.664000000000000000e+03
4.158000000000000000e+03 1.127100000000000000e+04 1.306400000000000000e+04 1.840100000000000000e+04 1.632800000000000000e+04 9.422000000000000000e+03 1.860400000000000000e+04 1.197100000000000000e+04 1.279200000000000000e+04 1.373600000000000000e+04 1.092400000000000000e+04 8.897000000000000000e+03 1.622500000000000000e+04 0.000000000000000000e+00 8.091000000000000000e+03 1.338600000000000000e+04 8.531000000000000000e+03 1.336400000000000000e+04 1.255000000000000000e+04 1.156200000000000000e+04
4.437000000000000000e+03 3.518000000000000000e+03 1.114500000000000000e+04 1.087600000000000000e+04 1.328600000000000000e+04 1.333000000000000000e+03 1.125600000000000000e+04 4.625000000000000000e+03 1.598400000000000000e+04 9.343000000000000000e+03 4.514000000000000000e+03 2.379000000000000000e+03 1.223400000000000000e+04 8.091000000000000000e+03 0.000000000000000000e+00 5.702000000000000000e+03 2.357000000000000000e+03 9.830000000000000000e+03 1.321600000000000000e+04 1.156700000000000000e+04
9.236000000000000000e+03 2.206000000000000000e+03 1.038700000000000000e+04 6.211000000000000000e+03 7.682000000000000000e+03 4.517000000000000000e+03 6.549000000000000000e+03 1.453000000000000000e+03 1.354900000000000000e+04 4.739000000000000000e+03 2.771000000000000000e+03 4.490000000000000000e+03 6.693000000000000000e+03 1.338600000000000000e+04 5.702000000000000000e+03 0.000000000000000000e+00 4.859000000000000000e+03 5.492000000000000000e+03 1.235400000000000000e+04 8.364000000000000000e+03
4.377000000000000000e+03 2.876000000000000000e+03 1.306800000000000000e+04 1.096100000000000000e+04 1.162000000000000000e+04 2.591000000000000000e+03 1.132200000000000000e+04 3.444000000000000000e+03 1.784800000000000000e+04 7.330000000000000000e+03 2.654000000000000000e+03 3.780000000000000000e+02 1.054800000000000000e+04 8.531000000000000000e+03 2.357000000000000000e+03 4.859000000000000000e+03 0.000000000000000000e+00 7.698000000000000000e+03 1.529000000000000000e+04 9.213000000000000000e+03
1.059100000000000000e+04 6.880000000000000000e+03 1.352100000000000000e+04 7.718000000000000000e+03 4.289000000000000000e+03 9.180000000000000000e+03 7.776000000000000000e+03 5.671000000000000000e+03 1.256800000000000000e+04 7.810000000000000000e+02 5.329000000000000000e+03 7.540000000000000000e+03 3.375000000000000000e+03 1.336400000000000000e+04 9.830000000000000000e+03 5.492000000000000000e+03 7.698000000000000000e+03 0.000000000000000000e+00 1.397200000000000000e+04 2.965000000000000000e+03
1.518400000000000000e+04 1.322700000000000000e+04 2.262000000000000000e+03 6.830000000000000000e+03 9.888000000000000000e+03 1.269900000000000000e+04 6.633000000000000000e+03 1.357700000000000000e+04 2.772000000000000000e+03 1.372200000000000000e+04 1.500200000000000000e+04 1.507000000000000000e+04 1.064900000000000000e+04 1.255000000000000000e+04 1.321600000000000000e+04 1.235400000000000000e+04 1.529000000000000000e+04 1.397200000000000000e+04 0.000000000000000000e+00 1.439900000000000000e+04
1.038900000000000000e+04 9.379000000000000000e+03 1.518400000000000000e+04 9.881000000000000000e+03 4.986000000000000000e+03 1.135600000000000000e+04 9.811000000000000000e+03 8.255000000000000000e+03 1.197200000000000000e+04 3.746000000000000000e+03 7.493000000000000000e+03 9.203000000000000000e+03 4.664000000000000000e+03 1.156200000000000000e+04 1.156700000000000000e+04 8.364000000000000000e+03 9.213000000000000000e+03 2.965000000000000000e+03 1.439900000000000000e+04 0.000000000000000000e+00
