0.000000000000000000e+00 4.459000000000000000e+03 8.794000000000000000e+03 9.449000000000000000e+03 9.234000000000000000e+03 3.547000000000000000e+03 9.683000000000000000e+03 4.855000000000000000e+03 1.038700000000000000e+04 6.584000000000000000e+03 4.234000000000000000e+03 2.949000000000000000e+03 8.672000000000000000e+03 2.584000000000000000e+03 2.757000000000000000e+03 5.739000000000000000e+03 2.720000000000000000e+03 6.581000000000000000e+03 9.435000000000000000e+03 6.455000000000000000e+03
4.459000000000000000e+03 0.000000000000000000e+00 6.836000000000000000e+03 5.028000000000000000e+03 6.085000000000000000e+03 1.511000000000000000e+03 5.255000000000000000e+03 7.590000000000000000e+02 9.431000000000000000e+03 3.875000000000000000e+03 1.263000000000000000e+03 1.553000000000000000e+03 5.444000000000000000e+03 7.003000000000000000e+03 2.186000000000000000e+03 1.371000000000000000e+03 1.787000000000000000e+03 4.275000000000000000e+03 8.219000000000000000e+03 5.828000000000000000e+03
8.794000000000000000e+03 6.836000000000000000e+03 0.000000000000000000e+00 3.608000000000000000e+03 6.342000000000000000e+03 6.518000000000000000e+03 3.572000000000000000e+03 7.127000000000000000e+03 3.030000000000000000e+03 8.078000000000000000e+03 7.996000000000000000e+03 7.970000000000000000e+03 6.622000000000000000e+03 8.118000000000000000e+03 6.925000000000000000e+03 6.454000000000000000e+03 8.120000000000000000e+03 8.402000000000000000e+03 1.406000000000000000e+03 9.435000000000000000e+03
9.449000000000000000e+03 5.028000000000000000e+03 3.608000000000000000e+03 0.000000000000000000e+00 3.280000000000000000e+03 5.938000000000000000e+03 2.360000000000000000e+02 4.762000000000000000e+03 4.564000000000000000e+03 4.475000000000000000e+03 5.544000000000000000e+03 6.576000000000000000e+03 3.267000000000000000e+03 1.143400000000000000e+04 6.758000000000000000e+03 3.859000000000000000e+03 6.811000000000000000e+03 4.796000000000000000e+03 4.244000000000000000e+03 6.140000000000000000e+03
9.234000000000000000e+03 6.085000000000000000e+03 6.342000000000000000e+03 3.280000000000000000e+03 0.000000000000000000e+00 7.576000000000000000e+03 3.167000000000000000e+03 5.382000000000000000e+03 5.151000000000000000e+03 2.737000000000000000e+03 5.587000000000000000e+03 7.064000000000000000e+03 6.670000000000000000e+02 1.014600000000000000e+04 8.256000000000000000e+03 4.773000000000000000e+03 7.220000000000000000e+03 2.665000000000000000e+03 6.144000000000000000e+03 3.098000000000000000e+03
3.547000000000000000e+03 1.511000000000000000e+03 6.518000000000000000e+03 5.938000000000000000e+03 7.576000000000000000e+03 0.000000000000000000e+00 6.175000000000000000e+03 2.258000000000000000e+03 9.534000000000000000e+03 5.339000000000000000e+03 2.431000000000000000e+03 1.496000000000000000e+03 6.946000000000000000e+03 5.855000000000000000e+03 8.280000000000000000e+02 2.807000000000000000e+03 1.610000000000000000e+03 5.704000000000000000e+03 7.891000000000000000e+03 7.056000000000000000e+03
9.683000000000000000e+03 5.255000000000000000e+03 3.572000000000000000e+03 2.360000000000000000e+02 3.167000000000000000e+03 6.175000000000000000e+03 0.000000000000000000e+00 4.972000000000000000e+03 4.361000000000000000e+03 4.535000000000000000e+03 5.741000000000000000e+03 6.800000000000000000e+03 3.205000000000000000e+03 1.156000000000000000e+04 6.994000000000000000e+03 4.069000000000000000e+03 7.035000000000000000e+03 4.832000000000000000e+03 4.122000000000000000e+03 6.096000000000000000e+03
4.855000000000000000e+03 7.590000000000000000e+02 7.127000000000000000e+03 4.762000000000000000e+03 5.382000000000000000e+03 2.258000000000000000e+03 4.972000000000000000e+03 0.000000000000000000e+00 9.316000000000000000e+03 3.117000000000000000e+03 8.870000000000000000e+02 1.916000000000000000e+03 4.729000000000000000e+03 7.438000000000000000e+03 2.874000000000000000e+03 9.030000000000000000e+02 2.140000000000000000e+03 3.524000000000000000e+03 8.436000000000000000e+03 5.129000000000000000e+03
1.038700000000000000e+04 9.431000000000000000e+03 3.030000000000000000e+03 4.564000000000000000e+03 5.151000000000000000e+03 9.534000000000000000e+03 4.361000000000000000e+03 9.316000000000000000e+03 0.000000000000000000e+00 7.868000000000000000e+03 1.010000000000000000e+04 1.089400000000000000e+04 5.762000000000000000e+03 7.949000000000000000e+03 9.932000000000000000e+03 8.419000000000000000e+03 1.109000000000000000e+04 7.809000000000000000e+03 1.722000000000000000e+03 7.439000000000000000e+03
6.584000000000000000e+03 3.875000000000000000e+03 8.078000000000000000e+03 4.475000000000000000e+03 2.737000000000000000e+03 5.339000000000000000e+03 4.535000000000000000e+03 3.117000000000000000e+03 7.868000000000000000e+03 0.000000000000000000e+00 3.002000000000000000e+03 4.432000000000000000e+03 2.107000000000000000e+03 8.535000000000000000e+03 5.805000000000000000e+03 2.945000000000000000e+03 4.555000000000000000e+03 4.850000000000000000e+02 8.526000000000000000e+03 2.328000000000000000e+03
4.234000000000000000e+03 1.263000000000000000e+03 7.996000000000000000e+03 5.544000000000000000e+03 5.587000000000000000e+03 2.431000000000000000e+03 5.741000000000000000e+03 8.870000000000000000e+02 1.010000000000000000e+04 3.002000000000000000e+03 0.000000000000000000e+00 1.478000000000000000e+03 4.919000000000000000e+03 6.788000000000000000e+03 2.805000000000000000e+03 1.722000000000000000e+03 1.649000000000000000e+03 3.311000000000000000e+03 9.322000000000000000e+03 4.656000000000000000e+03
2.949000000000000000e+03 1.553000000000000000e+03 7.970000000000000000e+03 6.576000000000000000e+03 7.064000000000000000e+03 1.496000000000000000e+03 6.800000000000000000e+03 1.916000000000000000e+03 1.089400000000000000e+04 4.432000000000000000e+03 1.478000000000000000e+03 0.000000000000000000e+00 6.397000000000000000e+03 5.528000000000000000e+03 1.478000000000000000e+03 2.790000000000000000e+03 2.350000000000000000e+02 4.685000000000000000e+03 9.364000000000000000e+03 5.718000000000000000e+03
8.672000000000000000e+03 5.444000000000000000e+03 6.622000000000000000e+03 3.267000000000000000e+03 6.670000000000000000e+02 6.946000000000000000e+03 3.205000000000000000e+03 4.729000000000000000e+03 5.762000000000000000e+03 2.107000000000000000e+03 4.919000000000000000e+03 6.397000000000000000e+03 0.000000000000000000e+00 1.008200000000000000e+04 7.602000000000000000e+03 4.159000000000000000e+03 6.554000000000000000e+03 2.097000000000000000e+03 6.617000000000000000e+03 2.898000000000000000e+03
2.584000000000000000e+03 7.003000000000000000e+03 8.118000000000000000e+03 1.143400000000000000e+04 1.014600000000000000e+04 5.855000000000000000e+03 1.156000000000000000e+04 7.438000000000000000e+03 7.949000000000000000e+03 8.535000000000000000e+03 6.788000000000000000e+03 5.528000000000000000e+03 1.008200000000000000e+04 0.000000000000000000e+00 5.028000000000000000e+03 8.318000000000000000e+03 5.301000000000000000e+03 8.304000000000000000e+03 7.798000000000000000e+03 7.184000000000000000e+03
2.757000000000000000e+03 2.186000000000000000e+03 6.925000000000000000e+03 6.758000000000000000e+03 8.256000000000000000e+03 8.280000000000000000e+02 6.994000000000000000e+03 2.874000000000000000e+03 9.932000000000000000e+03 5.805000000000000000e+03 2.805000000000000000e+03 1.478000000000000000e+03 7.602000000000000000e+03 5.028000000000000000e+03 0.000000000000000000e+00 3.543000000000000000e+03 1.465000000000000000e+03 6.108000000000000000e+03 8.212000000000000000e+03 7.187000000000000000e+03
5.739000000000000000e+03 1.371000000000000000e+03 6.454000000000000000e+03 3.859000000000000000e+03 4.773000000000000000e+03 2.807000000000000000e+03 4.069000000000000000e+03 9.030000000000000000e+02 8.419000000000000000e+03 2.945000000000000000e+03 1.722000000000000000e+03 2.790000000000000000e+03 4.159000000000000000e+03 8.318000000000000000e+03 3.543000000000000000e+03 0.000000000000000000e+00 3.019000000000000000e+03 3.413000000000000000e+03 7.676000000000000000e+03 5.197000000000000000e+03
2.720000000000000000e+03 1.787000000000000000e+03 8.120000000000000000e+03 6.811000000000000000e+03 7.220000000000000000e+03 1.610000000000000000e+03 7.035000000000000000e+03 2.140000000000000000e+03 1.109000000000000000e+04 4.555000000000000000e+03 1.649000000000000000e+03 2.350000000000000000e+02 6.554000000000000000e+03 5.301000000000000000e+03 1.465000000000000000e+03 3.019000000000000000e+03 0.000000000000000000e+00 4.783000000000000000e+03 9.501000000000000000e+03 5.725000000000000000e+03
6.581000000000000000e+03 4.275000000000000000e+03 8.402000000000000000e+03 4.796000000000000000e+03 2.665000000000000000e+03 5.704000000000000000e+03 4.832000000000000000e+03 3.524000000000000000e+03 7.809000000000000000e+03 4.850000000000000000e+02 3.311000000000000000e+03 4.685000000000000000e+03 2.097000000000000000e+03 8.304000000000000000e+03 6.108000000000000000e+03 3.413000000000000000e+03 4.783000000000000000e+03 0.000000000000000000e+00 8.682000000000000000e+03 1.842000000000000000e+03
9.435000000000000000e+03 8.219000000000000000e+03 1.406000000000000000e+03 4.244000000000000000e+03 6.144000000000000000e+03 7.891000000000000000e+03 4.122000000000000000e+03 8.436000000000000000e+03 1.722000000000000000e+03 8.526000000000000000e+03 9.322000000000000000e+03 9.364000000000000000e+03 6.617000000000000000e+03 7.798000000000000000e+03 8.212000000000000000e+03 7.676000000000000000e+03 9.501000000000000000e+03 8.682000000000000000e+03 0.000000000000000000e+00 8.947000000000000000e+03
6.455000000000000000e+03 5.828000000000000000e+03 9.435000000000000000e+03 6.140000000000000000e+03 3.098000000000000000e+03 7.056000000000000000e+03 6.096000000000000000e+03 5.129000000000000000e+03 7.439000000000000000e+03 2.328000000000000000e+03 4.656000000000000000e+03 5.718000000000000000e+03 2.898000000000000000e+03 7.184000000000000000e+03 7.187000000000000000e+03 5.197000000000000000e+03 5.725000000000000000e+03 1.842000000000000000e+03 8.947000000000000000e+03 0.000000000000000000e+00
